IP3DSV1 20 30 0 4.55 590.6 0 0.407928 0.316992 0.31744 0.00533876 0.0102413
IP3DSV1 20 30 1 1.7 590.6 0 0.515618 0.447089 0.44949 0.00643104 0.0137726
IP3DSV1 20 30 2 -0.8 590.6 0 0.334334 0.650696 0.650935 0.00716916 0.0161177
IP3DSV1 20 30 3 4.55 690.7 0 0.554791 0.319563 0.319115 0.00570944 0.011661
IP3DSV1 20 30 4 1.7 690.7 0 0.386783 0.450668 0.451566 0.00612922 0.0133233
IP3DSV1 20 30 5 -0.8 690.7 0 0.30015 0.656498 0.654222 0.00783977 0.0144725
IP3DSV1 20 30 6 4.55 790.8 0 0.477762 0.342799 0.343853 0.00686394 0.0127585
IP3DSV1 20 30 7 1.7 790.8 0 0.427658 0.477325 0.476946 0.0067547 0.0143357
IP3DSV1 20 30 8 -0.8 790.8 0 0.252822 0.713345 0.710604 0.0086186 0.0183945
IP3DSV1 30 40 0 4.55 590.6 0 0.587177 0.38576 0.386234 0.00558243 0.0123664
IP3DSV1 30 40 1 1.7 590.6 0 0.607898 0.550241 0.549063 0.00624895 0.0143895
IP3DSV1 30 40 2 -0.8 590.6 0 0.581692 0.734748 0.733461 0.00667053 0.0206401
IP3DSV1 30 40 3 4.55 690.7 0 0.587814 0.393809 0.393823 0.00465568 0.0113447
IP3DSV1 30 40 4 1.7 690.7 0 0.590737 0.54248 0.543286 0.00554658 0.0138247
IP3DSV1 30 40 5 -0.8 690.7 0 0.531739 0.72447 0.726821 0.00581025 0.0157552
IP3DSV1 30 40 6 4.55 790.8 0 0.599266 0.394255 0.394405 0.00585751 0.0102587
IP3DSV1 30 40 7 1.7 790.8 0 0.643225 0.53092 0.531857 0.0058069 0.0114091
IP3DSV1 30 40 8 -0.8 790.8 0 0.54266 0.710704 0.710041 0.0066758 0.0136128
IP3DSV1 40 50 0 4.55 590.6 0 0.551367 0.457478 0.461423 0.00705073 0.0182719
IP3DSV1 40 50 1 1.7 590.6 0 0.538865 0.594603 0.591335 0.0078659 0.0218336
IP3DSV1 40 50 2 -0.8 590.6 0 0.301236 0.749873 0.748368 0.00713183 0.0196863
IP3DSV1 40 50 3 4.55 690.7 0 0.489892 0.444863 0.444066 0.00689919 0.0166721
IP3DSV1 40 50 4 1.7 690.7 0 0.66177 0.572316 0.569841 0.00746966 0.0190657
IP3DSV1 40 50 5 -0.8 690.7 0 0.563936 0.716575 0.71259 0.00640487 0.0193096
IP3DSV1 40 50 6 4.55 790.8 0 0.654364 0.449784 0.448455 0.00754962 0.0182403
IP3DSV1 40 50 7 1.7 790.8 0 0.539024 0.575689 0.574062 0.00819622 0.0179629
IP3DSV1 40 50 8 -0.8 790.8 0 0.484765 0.714535 0.713865 0.00658978 0.0157821
IP3DSV1 50 60 0 4.55 590.6 0 0.517397 0.553437 0.554381 0.0141116 0.0381029
IP3DSV1 50 60 1 1.7 590.6 0 0.503044 0.680946 0.684574 0.0142653 0.042879
IP3DSV1 50 60 2 -0.8 590.6 0 0.39634 0.794585 0.791379 0.0121584 0.0363034
IP3DSV1 50 60 3 4.55 690.7 0 0.514932 0.58228 0.576665 0.0146943 0.0364519
IP3DSV1 50 60 4 1.7 690.7 0 0.540649 0.729239 0.736892 0.0161389 0.043452
IP3DSV1 50 60 5 -0.8 690.7 0 0.281658 0.835954 0.834616 0.0114756 0.0336452
IP3DSV1 50 60 6 4.55 790.8 0 0.443614 0.546392 0.546858 0.0127199 0.0299075
IP3DSV1 50 60 7 1.7 790.8 0 0.449034 0.664857 0.664019 0.0142019 0.0309599
IP3DSV1 50 60 8 -0.8 790.8 0 0.477266 0.789528 0.794624 0.0140331 0.0289854
IP3DSV1 75 90 0 4.55 590.6 0 0.251328 0.657834 0.655859 0.0179197 0.0357313
IP3DSV1 75 90 1 1.7 590.6 0 0.287183 0.702957 0.700478 0.0161357 0.0369097
IP3DSV1 75 90 2 -0.8 590.6 0 0.204513 0.84293 0.84945 0.0210487 0.046717
IP3DSV1 75 90 3 4.55 690.7 0 0.521978 0.645631 0.646009 0.0156265 0.0383341
IP3DSV1 75 90 4 1.7 690.7 0 0.321313 0.706321 0.704439 0.0175753 0.0353016
IP3DSV1 75 90 5 -0.8 690.7 0 0.309974 0.870964 0.865729 0.0220506 0.049566
IP3DSV1 75 90 6 4.55 790.8 0 0.36883 0.628602 0.628911 0.0169631 0.0321423
IP3DSV1 75 90 7 1.7 790.8 0 0.280817 0.696262 0.696764 0.0174313 0.0296277
IP3DSV1 75 90 8 -0.8 790.8 0 0.486707 0.856355 0.851683 0.0212027 0.040265
IP3DSV1 90 110 0 4.55 590.6 0 0.178977 0.668054 0.682572 0.0463512 0.0711252
IP3DSV1 90 110 1 1.7 590.6 0 -0.0370124 0.769101 0.77564 0.0431235 0.0708201
IP3DSV1 90 110 2 -0.8 590.6 1 0.0291786 0.875804 0.885271 0.05022 0.0949224
IP3DSV1 90 110 3 4.55 690.7 0 0.133567 0.642513 0.640114 0.0390606 0.0542812
IP3DSV1 90 110 4 1.7 690.7 0 0.24983 0.750871 0.763487 0.0422334 0.0632716
IP3DSV1 90 110 5 -0.8 690.7 0 0.267868 0.835788 0.843954 0.045322 0.083892
IP3DSV1 90 110 6 4.55 790.8 0 0.341006 0.655566 0.662116 0.0465392 0.0586077
IP3DSV1 90 110 7 1.7 790.8 0 0.16224 0.760538 0.768915 0.0456736 0.0674688
IP3DSV1 90 110 8 -0.8 790.8 0 0.0463026 0.815525 0.821522 0.0396711 0.058446
JetFitterCOMBNN 20 30 0 2.2 590.6 0 0.406565 0.381983 0.380731 0.00588857 0.0133438
JetFitterCOMBNN 20 30 1 1.8 590.6 0 0.444979 0.412259 0.412855 0.00653408 0.0155905
JetFitterCOMBNN 20 30 2 0.35 590.6 0 0.22971 0.552334 0.548907 0.00750162 0.0149772
JetFitterCOMBNN 20 30 3 -1.25 590.6 0 0.477104 0.685499 0.68501 0.00730339 0.0156301
JetFitterCOMBNN 20 30 4 2.2 690.7 0 0.389329 0.379087 0.377179 0.00568453 0.0112329
JetFitterCOMBNN 20 30 5 1.8 690.7 0 0.274007 0.409868 0.409992 0.00587736 0.0137359
JetFitterCOMBNN 20 30 6 0.35 690.7 0 0.234172 0.563172 0.562915 0.00764033 0.0132727
JetFitterCOMBNN 20 30 7 -1.25 690.7 0 0.388144 0.692876 0.691355 0.00751493 0.0134693
JetFitterCOMBNN 20 30 8 2.2 790.8 0 0.409275 0.412145 0.41218 0.00756393 0.0146335
JetFitterCOMBNN 20 30 9 1.8 790.8 0 0.35621 0.446615 0.447417 0.00745284 0.0154649
JetFitterCOMBNN 20 30 10 0.35 790.8 0 0.22429 0.618242 0.618772 0.00901251 0.0147795
JetFitterCOMBNN 20 30 11 -1.25 790.8 0 0.410474 0.735533 0.738948 0.00813775 0.0163135
JetFitterCOMBNN 30 40 0 2.2 590.6 0 0.557072 0.430378 0.429861 0.00523584 0.0107763
JetFitterCOMBNN 30 40 1 1.8 590.6 0 0.53063 0.470047 0.47249 0.00588328 0.0121737
JetFitterCOMBNN 30 40 2 0.35 590.6 0 0.560509 0.606155 0.607173 0.0061985 0.0131246
JetFitterCOMBNN 30 40 3 -1.25 590.6 0 0.497944 0.761172 0.763567 0.00666108 0.0155666
JetFitterCOMBNN 30 40 4 2.2 690.7 0 0.562121 0.436181 0.435303 0.00580219 0.0122367
JetFitterCOMBNN 30 40 5 1.8 690.7 0 0.567975 0.476275 0.478273 0.00619236 0.0130698
JetFitterCOMBNN 30 40 6 0.35 690.7 0 0.415945 0.608625 0.609413 0.00553593 0.0112913
JetFitterCOMBNN 30 40 7 -1.25 690.7 0 0.582082 0.753384 0.754078 0.00590049 0.0134131
JetFitterCOMBNN 30 40 8 2.2 790.8 0 0.714136 0.434507 0.433288 0.00610268 0.0123469
JetFitterCOMBNN 30 40 9 1.8 790.8 0 0.551665 0.473883 0.474128 0.00565324 0.0111367
JetFitterCOMBNN 30 40 10 0.35 790.8 0 0.480121 0.603323 0.602474 0.00571439 0.0114897
JetFitterCOMBNN 30 40 11 -1.25 790.8 0 0.473785 0.738811 0.736305 0.00571322 0.011904
JetFitterCOMBNN 40 50 0 2.2 590.6 0 0.583105 0.50207 0.502579 0.00760809 0.0208356
JetFitterCOMBNN 40 50 1 1.8 590.6 0 0.439293 0.533553 0.531589 0.00740462 0.0218203
JetFitterCOMBNN 40 50 2 0.35 590.6 0 0.361668 0.65945 0.65969 0.0078664 0.0214834
JetFitterCOMBNN 40 50 3 -1.25 590.6 0 0.4035 0.776266 0.775372 0.00767111 0.0211995
JetFitterCOMBNN 40 50 4 2.2 690.7 0 0.572706 0.477305 0.478403 0.00784384 0.0193554
JetFitterCOMBNN 40 50 5 1.8 690.7 0 0.47784 0.512542 0.513126 0.00751449 0.0166311
JetFitterCOMBNN 40 50 6 0.35 690.7 0 0.345322 0.637301 0.639484 0.00796171 0.0193065
JetFitterCOMBNN 40 50 7 -1.25 690.7 0 0.451476 0.749978 0.750679 0.00682186 0.0168278
JetFitterCOMBNN 40 50 8 2.2 790.8 0 0.578935 0.475495 0.475291 0.00621383 0.015027
JetFitterCOMBNN 40 50 9 1.8 790.8 0 0.654984 0.51239 0.512392 0.00722865 0.0177313
JetFitterCOMBNN 40 50 10 0.35 790.8 0 0.513276 0.63654 0.63785 0.00743439 0.0172868
JetFitterCOMBNN 40 50 11 -1.25 790.8 0 0.4677 0.7471 0.746945 0.00722561 0.0172876
JetFitterCOMBNN 50 60 0 2.2 590.6 0 0.386211 0.603497 0.609096 0.0125827 0.0368147
JetFitterCOMBNN 50 60 1 1.8 590.6 0 0.329029 0.6282 0.627654 0.0152924 0.0402247
JetFitterCOMBNN 50 60 2 0.35 590.6 0 0.320668 0.7319 0.738081 0.0127057 0.0420804
JetFitterCOMBNN 50 60 3 -1.25 590.6 0 0.552886 0.836712 0.839034 0.0139191 0.0458752
JetFitterCOMBNN 50 60 4 2.2 690.7 0 0.345757 0.643562 0.631395 0.0153431 0.0394238
JetFitterCOMBNN 50 60 5 1.8 690.7 0 0.331015 0.663389 0.663716 0.0136716 0.0342435
JetFitterCOMBNN 50 60 6 0.35 690.7 0 0.527287 0.776087 0.777151 0.0146539 0.0423016
JetFitterCOMBNN 50 60 7 -1.25 690.7 0 0.185473 0.872073 0.874277 0.0119488 0.0391974
JetFitterCOMBNN 50 60 8 2.2 790.8 0 0.518495 0.587257 0.581778 0.0145961 0.031243
JetFitterCOMBNN 50 60 9 1.8 790.8 0 0.297573 0.604599 0.601734 0.0134194 0.0266016
JetFitterCOMBNN 50 60 10 0.35 790.8 0 0.356826 0.712453 0.713039 0.0121287 0.0312088
JetFitterCOMBNN 50 60 11 -1.25 790.8 0 0.474614 0.833886 0.827198 0.0119224 0.0330475
JetFitterCOMBNN 75 90 0 2.2 590.6 0 0.176448 0.647017 0.653574 0.019301 0.0398264
JetFitterCOMBNN 75 90 1 1.8 590.6 0 0.324928 0.673885 0.672366 0.0180398 0.0441946
JetFitterCOMBNN 75 90 2 0.35 590.6 0 0.13506 0.735891 0.743237 0.0175685 0.0387474
JetFitterCOMBNN 75 90 3 -1.25 590.6 0 0.285086 0.804147 0.808609 0.0171034 0.0446129
JetFitterCOMBNN 75 90 4 2.2 690.7 0 0.345645 0.640811 0.638783 0.0172443 0.0397149
JetFitterCOMBNN 75 90 5 1.8 690.7 0 0.470264 0.666591 0.670685 0.0181101 0.0386065
JetFitterCOMBNN 75 90 6 0.35 690.7 0 0.264809 0.745076 0.741581 0.0191276 0.0350454
JetFitterCOMBNN 75 90 7 -1.25 690.7 0 0.332414 0.814827 0.817296 0.0234422 0.0414416
JetFitterCOMBNN 75 90 8 2.2 790.8 0 0.362114 0.625422 0.633162 0.0186072 0.0353251
JetFitterCOMBNN 75 90 9 1.8 790.8 0 0.380523 0.657727 0.66444 0.017157 0.0376871
JetFitterCOMBNN 75 90 10 0.35 790.8 0 0.350038 0.72762 0.729267 0.0188785 0.0365643
JetFitterCOMBNN 75 90 11 -1.25 790.8 0 0.193338 0.794878 0.80317 0.0203237 0.0300365
JetFitterCOMBNN 90 110 0 2.2 590.6 0 -0.025736 0.619611 0.626999 0.0448322 0.0788766
JetFitterCOMBNN 90 110 1 1.8 590.6 0 0.0491077 0.640418 0.651195 0.0359584 0.0801691
JetFitterCOMBNN 90 110 2 0.35 590.6 0 0.0257266 0.777458 0.817616 0.0507318 0.0799057
JetFitterCOMBNN 90 110 3 -1.25 590.6 0 0.244074 0.817014 0.814059 0.0407033 0.0643189
JetFitterCOMBNN 90 110 4 2.2 690.7 0 0.242978 0.612008 0.611511 0.0455267 0.0538633
JetFitterCOMBNN 90 110 5 1.8 690.7 0 0.117557 0.632994 0.638192 0.0443363 0.0631238
JetFitterCOMBNN 90 110 6 0.35 690.7 0 0.123626 0.749804 0.748794 0.0480246 0.0607584
JetFitterCOMBNN 90 110 7 -1.25 690.7 0 0.27133 0.821279 0.819141 0.0485221 0.0588751
JetFitterCOMBNN 90 110 8 2.2 790.8 0 0.0410287 0.647459 0.650507 0.046712 0.0645892
JetFitterCOMBNN 90 110 9 1.8 790.8 0 0.00289152 0.654434 0.658694 0.041151 0.0667095
JetFitterCOMBNN 90 110 10 0.35 790.8 0 0.251069 0.754414 0.762946 0.0484385 0.0692919
JetFitterCOMBNN 90 110 11 -1.25 790.8 0 0.231106 0.824937 0.829351 0.0449398 0.0564871
MV1 20 30 0 0.905363 590.6 0 0.38436 0.364995 0.365134 0.00588688 0.0146077
MV1 20 30 1 0.601713 590.6 0 0.365223 0.514049 0.515493 0.00768546 0.0151959
MV1 20 30 2 0.404219 590.6 0 0.111211 0.587754 0.589723 0.00713447 0.0147596
MV1 20 30 3 0.0714225 590.6 0 0.303339 0.75435 0.755944 0.00788704 0.0160097
MV1 20 30 4 0.905363 690.7 0 0.244874 0.360116 0.360433 0.00519713 0.0115462
MV1 20 30 5 0.601713 690.7 0 0.337774 0.517617 0.518115 0.00723501 0.0127885
MV1 20 30 6 0.404219 690.7 0 0.498839 0.592018 0.591363 0.00805022 0.0147661
MV1 20 30 7 0.0714225 690.7 0 0.210859 0.762607 0.762622 0.00910137 0.0152094
MV1 20 30 8 0.905363 790.8 0 0.354161 0.38963 0.389029 0.00730804 0.0124624
MV1 20 30 9 0.601713 790.8 0 0.341624 0.55776 0.557997 0.00842296 0.0156217
MV1 20 30 10 0.404219 790.8 0 0.302658 0.641608 0.638068 0.0102276 0.0153363
MV1 20 30 11 0.0714225 790.8 0 0.255477 0.809872 0.809627 0.00964409 0.0174557
MV1 30 40 0 0.905363 590.6 0 0.46426 0.42439 0.425901 0.00478118 0.0119936
MV1 30 40 1 0.601713 590.6 0 0.619056 0.570046 0.570506 0.00638418 0.014255
MV1 30 40 2 0.404219 590.6 0 0.489951 0.653666 0.654126 0.00567818 0.0136759
MV1 30 40 3 0.0714225 590.6 0 0.315302 0.821968 0.821019 0.00552601 0.0176229
MV1 30 40 4 0.905363 690.7 0 0.621238 0.429848 0.428898 0.00581865 0.0124461
MV1 30 40 5 0.601713 690.7 0 0.625658 0.576407 0.577525 0.00576006 0.0128865
MV1 30 40 6 0.404219 690.7 0 0.482551 0.653685 0.654472 0.00520647 0.0101873
MV1 30 40 7 0.0714225 690.7 0 0.556456 0.810633 0.810391 0.00611492 0.0152366
MV1 30 40 8 0.905363 790.8 0 0.64409 0.428552 0.430449 0.00594423 0.0131705
MV1 30 40 9 0.601713 790.8 0 0.68223 0.569405 0.569447 0.0060566 0.0121862
MV1 30 40 10 0.404219 790.8 0 0.443327 0.651229 0.649536 0.00608967 0.0113559
MV1 30 40 11 0.0714225 790.8 0 0.45276 0.796651 0.796362 0.0055456 0.0128906
MV1 40 50 0 0.905363 590.6 0 0.6094 0.478182 0.479564 0.00750314 0.0174563
MV1 40 50 1 0.601713 590.6 0 0.505133 0.604585 0.602698 0.00745885 0.0227914
MV1 40 50 2 0.404219 590.6 0 0.341278 0.708766 0.709923 0.00875676 0.0231902
MV1 40 50 3 0.0714225 590.6 0 0.509145 0.834822 0.83706 0.0074641 0.0219723
MV1 40 50 4 0.905363 690.7 0 0.486699 0.462105 0.462907 0.00758014 0.0169656
MV1 40 50 5 0.601713 690.7 0 0.491971 0.589457 0.588434 0.006858 0.0188658
MV1 40 50 6 0.404219 690.7 0 0.588502 0.684498 0.685957 0.00781358 0.0203273
MV1 40 50 7 0.0714225 690.7 0 0.556313 0.793019 0.79294 0.00825617 0.0197933
MV1 40 50 8 0.905363 790.8 0 0.600068 0.466523 0.468574 0.00713646 0.0184004
MV1 40 50 9 0.601713 790.8 0 0.631876 0.586055 0.584894 0.00710709 0.019461
MV1 40 50 10 0.404219 790.8 0 0.452732 0.678456 0.678909 0.00825116 0.0192491
MV1 40 50 11 0.0714225 790.8 0 0.499992 0.791337 0.792556 0.00656847 0.0167442
MV1 50 60 0 0.905363 590.6 0 0.447945 0.602188 0.597526 0.0114325 0.0324076
MV1 50 60 1 0.601713 590.6 0 0.437157 0.708934 0.704268 0.0157195 0.0397374
MV1 50 60 2 0.404219 590.6 0 0.333968 0.763855 0.761247 0.0141101 0.0398768
MV1 50 60 3 0.0714225 590.6 0 0.280333 0.871688 0.865563 0.0141426 0.0399723
MV1 50 60 4 0.905363 690.7 0 0.391678 0.626703 0.623813 0.0132496 0.0320391
MV1 50 60 5 0.601713 690.7 0 0.31868 0.754577 0.755082 0.01389 0.041004
MV1 50 60 6 0.404219 690.7 0 0.372489 0.81123 0.817382 0.0132502 0.0380495
MV1 50 60 7 0.0714225 690.7 1 0.33165 0.909945 0.91828 0.013174 0.0383478
MV1 50 60 8 0.905363 790.8 0 0.617298 0.584351 0.591024 0.0145386 0.0336255
MV1 50 60 9 0.601713 790.8 0 0.406225 0.690716 0.69046 0.0136725 0.032678
MV1 50 60 10 0.404219 790.8 0 0.487355 0.752103 0.753257 0.0125315 0.0307935
MV1 50 60 11 0.0714225 790.8 0 0.287837 0.872794 0.873073 0.0124274 0.0279274
MV1 75 90 0 0.905363 590.6 0 0.300996 0.646189 0.650412 0.0175112 0.0393337
MV1 75 90 1 0.601713 590.6 0 0.455954 0.723172 0.730124 0.0189571 0.040999
MV1 75 90 2 0.404219 590.6 0 0.482591 0.786571 0.790714 0.017809 0.0433037
MV1 75 90 3 0.0714225 590.6 0 0.0916811 0.87185 0.877577 0.0184942 0.0430696
MV1 75 90 4 0.905363 690.7 0 0.380666 0.647222 0.650837 0.0181015 0.0371853
MV1 75 90 5 0.601713 690.7 0 0.39346 0.725591 0.736505 0.0200271 0.0439584
MV1 75 90 6 0.404219 690.7 0 0.365894 0.803825 0.799267 0.018595 0.0406987
MV1 75 90 7 0.0714225 690.7 0 0.105205 0.870433 0.881914 0.0178052 0.0377713
MV1 75 90 8 0.905363 790.8 0 0.359124 0.618081 0.621522 0.018589 0.0315704
MV1 75 90 9 0.601713 790.8 0 0.231647 0.715342 0.7202 0.0167767 0.0331382
MV1 75 90 10 0.404219 790.8 0 0.404475 0.776479 0.772987 0.022337 0.0401409
MV1 75 90 11 0.0714225 790.8 0 0.277881 0.86776 0.873154 0.0172717 0.0375484
MV1 90 110 0 0.905363 590.6 0 0.0429143 0.639331 0.655885 0.0410447 0.0857152
MV1 90 110 1 0.601713 590.6 0 0.163328 0.745878 0.76378 0.049942 0.070884
MV1 90 110 2 0.404219 590.6 1 0.126094 0.863461 0.881574 0.0577319 0.0840108
MV1 90 110 3 0.0714225 590.6 1 -0.00941581 0.861262 0.867839 0.0421701 0.0693302
MV1 90 110 4 0.905363 690.7 0 0.0800789 0.631101 0.637221 0.0461175 0.066956
MV1 90 110 5 0.601713 690.7 0 0.253728 0.743116 0.747894 0.0452563 0.0811555
MV1 90 110 6 0.404219 690.7 0 0.115794 0.824797 0.828366 0.0468377 0.0584872
MV1 90 110 7 0.0714225 690.7 1 0.12088 0.870023 0.863755 0.0391617 0.0672941
MV1 90 110 8 0.905363 790.8 0 0.162847 0.647114 0.645458 0.0441744 0.0569704
MV1 90 110 9 0.601713 790.8 0 0.179889 0.758363 0.774711 0.0503841 0.0671546
MV1 90 110 10 0.404219 790.8 0 0.203149 0.833811 0.845299 0.0483032 0.0614054
MV1 90 110 11 0.0714225 790.8 1 0.213897 0.868184 0.869399 0.0451639 0.0656313
MV1 90 11 0 0.905363 590.6 0 0.0429143 0.639331 0.655885 0.0410447 0.0857152
MV1 90 11 1 0.601713 590.6 0 0.163328 0.745878 0.76378 0.049942 0.070884
MV1 90 11 2 0.404219 590.6 1 0.126094 0.863461 0.881574 0.0577319 0.0840108
MV1 90 11 3 0.0714225 590.6 1 -0.00941581 0.861262 0.867839 0.0421701 0.0693302
MV1 90 11 4 0.905363 690.7 0 0.0800789 0.631101 0.637221 0.0461175 0.066956
MV1 90 11 5 0.601713 690.7 0 0.253728 0.743116 0.747894 0.0452563 0.0811555
SV0 20 30 0 5.65 590.6 0 0.258795 0.246913 0.246168 0.00496991 0.0117364
SV0 20 30 1 5.65 690.7 0 0.399398 0.235649 0.234168 0.00474461 0.00902077
SV0 20 30 2 5.65 790.8 0 0.371515 0.253068 0.253014 0.00543837 0.0124871
SV0 30 40 0 5.65 590.6 0 0.581985 0.309408 0.310717 0.00597887 0.0125526
SV0 30 40 1 5.65 690.7 0 0.603608 0.314938 0.315505 0.00548712 0.0123024
SV0 30 40 2 5.65 790.8 0 0.631391 0.306546 0.308256 0.00551821 0.0113042
SV0 40 50 0 5.65 590.6 0 0.337809 0.346208 0.344798 0.00585016 0.014693
SV0 40 50 1 5.65 690.7 0 0.469587 0.345133 0.347439 0.00652256 0.0162379
SV0 40 50 2 5.65 790.8 0 0.510453 0.358086 0.359154 0.00645786 0.016634
SV0 50 60 0 5.65 590.6 0 0.460423 0.407703 0.410754 0.0112131 0.0317682
SV0 50 60 1 5.65 690.7 0 0.562255 0.424805 0.431114 0.0128926 0.0327553
SV0 50 60 2 5.65 790.8 0 0.500476 0.397752 0.3962 0.0101412 0.0268783
SV0 75 90 0 5.65 590.6 0 0.206071 0.533277 0.533339 0.018292 0.0396142
SV0 75 90 1 5.65 690.7 0 0.407351 0.528967 0.531714 0.0177334 0.0416719
SV0 75 90 2 5.65 790.8 0 0.436845 0.528762 0.522192 0.0187697 0.0376382
SV0 90 110 0 5.65 590.6 0 0.373892 0.53653 0.543107 0.0349972 0.0707008
SV0 90 110 1 5.65 690.7 0 0.210929 0.527597 0.524087 0.0338999 0.0593297
SV0 90 110 2 5.65 790.8 0 0.299172 0.535758 0.540931 0.0363629 0.0515998
